spawing P
[[0.  0.  0.5 0.  0.  0.  0.  0.  0.  0.  0.  0.  0.  0.  0.5 0.  0.  0.  0.  0.  0.  0.  0.  0.  0.  0.  0.  0.  0.  0.  0.  0.  0.  0.  0.  0. ]
 [0.  0.  0.  0.  0.  0.  0.  0.  0.  0.  0.  0.  0.  0.  0.  0.  0.  0.  0.  0.  0.  0.  0.  0.  0.  0.  0.  0.  0.  0.  0.  0.  0.  0.  0.  0. ]
 [0.  0.  0.  0.5 0.  0.  0.5 0.  0.  0.  0.  0.  0.  0.  0.  0.  0.  0.  0.  0.  0.  0.  0.  0.  0.  0.  0.  0.  0.  0.  0.  0.  0.  0.  0.  0. ]
 [0.  0.  0.  0.  0.  0.5 0.5 0.  0.  0.  0.  0.  0.  0.  0.  0.  0.  0.  0.  0.  0.  0.  0.  0.  0.  0.  0.  0.  0.  0.  0.  0.  0.  0.  0.  0. ]
 [0.  0.  0.  0.  0.  0.  0.  0.  0.  0.  0.  0.  0.  0.  0.  0.  0.  0.  0.  0.  0.  0.  0.  0.  0.  0.  0.  0.  0.  0.  0.  0.  0.  0.  0.  0. ]
 [0.  0.  0.  0.  0.  0.  0.5 0.5 0.  0.  0.  0.  0.  0.  0.  0.  0.  0.  0.  0.  0.  0.  0.  0.  0.  0.  0.  0.  0.  0.  0.  0.  0.  0.  0.  0. ]
 [0.  0.  0.  0.  0.  0.  0.  0.5 0.  0.  0.  0.  0.  0.  0.  0.  0.  0.  0.  0.  0.  0.  0.  0.  0.  0.  0.5 0.  0.  0.  0.  0.  0.  0.  0.  0. ]
 [0.  0.  0.  0.  0.  0.  0.  0.  0.  0.5 0.  0.  0.  0.  0.  0.  0.  0.  0.  0.  0.  0.  0.  0.  0.  0.  0.5 0.  0.  0.  0.  0.  0.  0.  0.  0. ]
 [0.  0.  0.  0.  0.  0.  0.  0.  0.  0.  0.  0.  0.  0.  0.  0.  0.  0.  0.  0.  0.  0.  0.  0.  0.  0.  0.  0.  0.  0.  0.  0.  0.  0.  0.  0. ]
 [0.  0.  0.  0.  0.  0.  0.  0.  0.  0.  0.5 0.5 0.  0.  0.  0.  0.  0.  0.  0.  0.  0.  0.  0.  0.  0.  0.  0.  0.  0.  0.  0.  0.  0.  0.  0. ]
 [0.  0.  0.  0.  0.  0.  0.  0.  0.  0.  0.  0.5 0.5 0.  0.  0.  0.  0.  0.  0.  0.  0.  0.  0.  0.  0.  0.  0.  0.  0.  0.  0.  0.  0.  0.  0. ]
 [0.  0.  0.  0.  0.  0.  0.  0.  0.  0.  0.  0.  0.5 0.5 0.  0.  0.  0.  0.  0.  0.  0.  0.  0.  0.  0.  0.  0.  0.  0.  0.  0.  0.  0.  0.  0. ]
 [0.  0.  0.  0.  0.  0.  0.  0.  0.  0.  0.  0.  0.  0.5 0.5 0.  0.  0.  0.  0.  0.  0.  0.  0.  0.  0.  0.  0.  0.  0.  0.  0.  0.  0.  0.  0. ]
 [0.  0.  0.  0.  0.  0.  0.  0.  0.  0.  0.  0.  0.  0.  0.5 0.5 0.  0.  0.  0.  0.  0.  0.  0.  0.  0.  0.  0.  0.  0.  0.  0.  0.  0.  0.  0. ]
 [0.  0.  0.  0.5 0.  0.  0.  0.  0.  0.  0.  0.  0.  0.  0.  0.5 0.  0.  0.  0.  0.  0.  0.  0.  0.  0.  0.  0.  0.  0.  0.  0.  0.  0.  0.  0. ]
 [0.  0.  0.  0.5 0.  0.  0.  0.  0.  0.  0.  0.  0.  0.  0.  0.  0.  0.  0.  0.  0.  0.  0.  0.  0.  0.  0.  0.  0.5 0.  0.  0.  0.  0.  0.  0. ]
 [0.  0.  0.  0.  0.  0.  0.  0.  0.  0.  0.  0.  0.  0.  0.  0.  0.  0.  0.  0.  0.  0.  0.  0.  0.  0.  0.  0.  0.  0.  0.  0.  0.  0.  0.  0. ]
 [0.  0.  0.  0.  0.  0.  0.  0.  0.  0.  0.  0.  0.  0.  0.  0.  0.  0.  0.  0.  0.  0.  0.  0.  0.  0.  0.  0.  0.  0.  0.  0.  0.  0.  0.  0. ]
 [0.  0.  0.  0.  0.  0.5 0.  0.  0.  0.  0.  0.  0.  0.  0.  0.  0.  0.  0.  0.  0.5 0.  0.  0.  0.  0.  0.  0.  0.  0.  0.  0.  0.  0.  0.  0. ]
 [0.  0.  0.  0.  0.  0.  0.  0.  0.  0.  0.  0.  0.  0.  0.  0.  0.  0.  0.  0.  0.  0.  0.  0.  0.  0.  0.  0.  0.  0.  0.  0.  0.  0.  0.  0. ]
 [0.  0.  0.  0.  0.  0.  0.  0.  0.  0.  0.  0.  0.  0.  0.  0.  0.  0.  0.  0.  0.  0.5 0.5 0.  0.  0.  0.  0.  0.  0.  0.  0.  0.  0.  0.  0. ]
 [0.  0.  0.  0.  0.  0.  0.  0.  0.  0.  0.  0.  0.  0.  0.  0.5 0.  0.  0.  0.  0.  0.  0.5 0.  0.  0.  0.  0.  0.  0.  0.  0.  0.  0.  0.  0. ]
 [0.  0.  0.  0.  0.  0.  0.  0.  0.  0.  0.  0.  0.  0.  0.  0.5 0.  0.  0.  0.  0.  0.  0.  0.  0.  0.  0.  0.  0.  0.  0.  0.  0.  0.  0.5 0. ]
 [0.  0.  0.  0.  0.  0.  0.  0.  0.  0.  0.  0.  0.  0.  0.  0.  0.  0.  0.  0.  0.  0.  0.  0.  0.  0.  0.  0.  0.  0.  0.  0.  0.  0.  0.  0. ]
 [0.  0.  0.  0.  0.  0.  0.  0.  0.  0.  0.  0.  0.  0.  0.  0.  0.  0.  0.  0.  0.  0.  0.  0.  0.  0.  0.  0.  0.  0.  0.  0.  0.  0.  0.  0. ]
 [0.  0.  0.  0.  0.  0.  0.  0.  0.  0.  0.  0.  0.  0.  0.  0.  0.  0.  0.  0.  0.  0.  0.  0.  0.  0.  0.5 0.5 0.  0.  0.  0.  0.  0.  0.  0. ]
 [0.  0.  0.  0.  0.  0.  0.  0.  0.  0.  0.  0.  0.  0.  0.  0.  0.  0.  0.  0.  0.  0.  0.  0.  0.  0.  0.  0.5 0.5 0.  0.  0.  0.  0.  0.  0. ]
 [0.  0.  0.  0.  0.  0.  0.  0.  0.  0.  0.  0.  0.  0.  0.  0.  0.  0.  0.  0.  0.  0.  0.  0.  0.  0.  0.  0.  0.5 0.5 0.  0.  0.  0.  0.  0. ]
 [0.  0.  0.  0.  0.  0.  0.  0.  0.  0.  0.  0.  0.  0.  0.  0.  0.  0.  0.  0.  0.  0.  0.  0.  0.  0.  0.  0.  0.  0.5 0.5 0.  0.  0.  0.  0. ]
 [0.  0.  0.  0.  0.  0.  0.  0.  0.  0.  0.  0.  0.  0.  0.  0.  0.  0.  0.  0.  0.  0.  0.  0.  0.  0.  0.  0.  0.  0.5 0.5 0.  0.  0.  0.  0. ]
 [0.  0.  0.  0.  0.  0.  0.  0.  0.  0.  0.  0.  0.  0.  0.  0.  0.  0.  0.  0.  0.  0.  0.  0.  0.  0.  0.  0.  0.  0.5 0.  0.  0.5 0.  0.  0. ]
 [0.  0.  0.  0.  0.  0.  0.  0.  0.  0.  0.  0.  0.  0.  0.  0.  0.  0.  0.  0.  0.  0.  0.  0.  0.  0.  0.  0.  0.  0.  0.  0.  0.  0.  0.  0. ]
 [0.  0.  0.  0.  0.  0.  0.  0.  0.  0.  0.  0.5 0.  0.  0.  0.  0.  0.  0.  0.  0.  0.  0.  0.  0.  0.  0.  0.  0.  0.  0.  0.  0.  0.  0.5 0. ]
 [0.  0.  0.  0.  0.  0.  0.  0.  0.  0.  0.  0.  0.  0.  0.  0.  0.  0.  0.  0.  0.  0.  0.  0.  0.  0.  0.  0.  0.  0.  0.  0.  0.  0.  0.  0. ]
 [0.  0.  0.  0.  0.  0.  0.  0.  0.  0.  0.  0.  0.  0.  0.  0.  0.  0.  0.  0.  0.  0.  0.  0.  0.  0.  0.  0.  0.  0.  0.  0.  0.  0.  0.  1. ]
 [0.  0.  0.  0.  0.  0.  0.  0.  0.  0.  0.  0.  0.  0.  0.  0.  0.  0.  0.  0.  0.  0.  0.  0.  0.  0.  0.  0.  0.  0.  0.  0.  0.  0.  0.  1. ]]
spawing P^k
[[0.      0.      0.      0.00001 0.      0.00001 0.00001 0.00001 0.      0.      0.      0.00001 0.00001 0.00001 0.00001 0.00001 0.      0.      0.      0.      0.      0.      0.      0.      0.      0.      0.00001 0.      0.00001 0.00006 0.00004 0.      0.00002 0.      0.00001 0.99975]
 [0.      0.      0.      0.      0.      0.      0.      0.      0.      0.      0.      0.      0.      0.      0.      0.      0.      0.      0.      0.      0.      0.      0.      0.      0.      0.      0.      0.      0.      0.      0.      0.      0.      0.      0.      0.     ]
 [0.      0.      0.      0.00001 0.      0.00001 0.00001 0.00001 0.      0.      0.      0.00001 0.00001 0.00001 0.00001 0.00001 0.      0.      0.      0.      0.      0.      0.      0.      0.      0.      0.00001 0.      0.00001 0.00006 0.00004 0.      0.00002 0.      0.00001 0.99976]
 [0.      0.      0.      0.00001 0.      0.00001 0.00001 0.00001 0.      0.      0.      0.00001 0.00001 0.00001 0.00001 0.00001 0.      0.      0.      0.      0.      0.      0.      0.      0.      0.      0.00001 0.      0.00001 0.00006 0.00004 0.      0.00002 0.      0.00001 0.99976]
 [0.      0.      0.      0.      0.      0.      0.      0.      0.      0.      0.      0.      0.      0.      0.      0.      0.      0.      0.      0.      0.      0.      0.      0.      0.      0.      0.      0.      0.      0.      0.      0.      0.      0.      0.      0.     ]
 [0.      0.      0.      0.00001 0.      0.00001 0.00001 0.00001 0.      0.      0.      0.00001 0.00001 0.00001 0.00001 0.00001 0.      0.      0.      0.      0.      0.      0.      0.      0.      0.      0.00001 0.      0.00001 0.00006 0.00004 0.      0.00002 0.      0.00001 0.99976]
 [0.      0.      0.      0.00001 0.      0.00001 0.00001 0.00001 0.      0.      0.      0.00001 0.00001 0.00001 0.00001 0.00001 0.      0.      0.      0.      0.      0.      0.      0.      0.      0.      0.00001 0.      0.00001 0.00005 0.00003 0.      0.00002 0.      0.00001 0.99978]
 [0.      0.      0.      0.00001 0.      0.00001 0.00001 0.00001 0.      0.      0.      0.00001 0.00001 0.00001 0.00001 0.00001 0.      0.      0.      0.      0.      0.      0.      0.      0.      0.      0.00001 0.      0.00001 0.00006 0.00004 0.      0.00002 0.      0.00001 0.99976]
 [0.      0.      0.      0.      0.      0.      0.      0.      0.      0.      0.      0.      0.      0.      0.      0.      0.      0.      0.      0.      0.      0.      0.      0.      0.      0.      0.      0.      0.      0.      0.      0.      0.      0.      0.      0.     ]
 [0.      0.      0.      0.00001 0.      0.00001 0.00001 0.00001 0.      0.      0.      0.00001 0.00001 0.00001 0.00001 0.00001 0.      0.      0.      0.      0.      0.      0.      0.      0.      0.      0.00001 0.      0.00001 0.00007 0.00004 0.      0.00002 0.      0.00001 0.99973]
 [0.      0.      0.      0.00001 0.      0.00001 0.00001 0.00001 0.      0.      0.      0.00001 0.00001 0.00001 0.00001 0.00001 0.      0.      0.      0.      0.      0.      0.      0.      0.      0.      0.00001 0.      0.00001 0.00006 0.00004 0.      0.00002 0.      0.00001 0.99973]
 [0.      0.      0.      0.00001 0.      0.00001 0.00001 0.00001 0.      0.      0.      0.00001 0.00001 0.00001 0.00001 0.00001 0.      0.      0.      0.      0.      0.      0.      0.      0.      0.      0.00001 0.      0.00001 0.00006 0.00004 0.      0.00002 0.      0.00001 0.99974]
 [0.      0.      0.      0.00001 0.      0.00001 0.00001 0.00001 0.      0.      0.      0.00001 0.00001 0.00001 0.00001 0.00001 0.      0.      0.      0.      0.      0.      0.      0.      0.      0.      0.00001 0.      0.00001 0.00006 0.00004 0.      0.00002 0.      0.00001 0.99975]
 [0.      0.      0.      0.00001 0.      0.00001 0.00001 0.00001 0.      0.      0.      0.00001 0.00001 0.00001 0.00001 0.00001 0.      0.      0.      0.      0.      0.      0.      0.      0.      0.      0.00001 0.      0.00001 0.00006 0.00004 0.      0.00002 0.      0.00001 0.99976]
 [0.      0.      0.      0.00001 0.      0.00001 0.00001 0.00001 0.      0.      0.      0.00001 0.00001 0.00001 0.00001 0.00001 0.      0.      0.      0.      0.      0.      0.      0.      0.      0.      0.00001 0.      0.00001 0.00006 0.00004 0.      0.00002 0.      0.00001 0.99976]
 [0.      0.      0.      0.00001 0.      0.00001 0.00001 0.00001 0.      0.      0.      0.00001 0.00001 0.00001 0.00001 0.00001 0.      0.      0.      0.      0.      0.      0.      0.      0.      0.      0.00001 0.      0.00001 0.00005 0.00003 0.      0.00002 0.      0.00001 0.99978]
 [0.      0.      0.      0.      0.      0.      0.      0.      0.      0.      0.      0.      0.      0.      0.      0.      0.      0.      0.      0.      0.      0.      0.      0.      0.      0.      0.      0.      0.      0.      0.      0.      0.      0.      0.      0.     ]
 [0.      0.      0.      0.      0.      0.      0.      0.      0.      0.      0.      0.      0.      0.      0.      0.      0.      0.      0.      0.      0.      0.      0.      0.      0.      0.      0.      0.      0.      0.      0.      0.      0.      0.      0.      0.     ]
 [0.      0.      0.      0.00001 0.      0.      0.00001 0.00001 0.      0.      0.      0.00001 0.00001 0.00001 0.00001 0.00001 0.      0.      0.      0.      0.      0.      0.      0.      0.      0.      0.00001 0.      0.00001 0.00005 0.00003 0.      0.00002 0.      0.00001 0.99979]
 [0.      0.      0.      0.      0.      0.      0.      0.      0.      0.      0.      0.      0.      0.      0.      0.      0.      0.      0.      0.      0.      0.      0.      0.      0.      0.      0.      0.      0.      0.      0.      0.      0.      0.      0.      0.     ]
 [0.      0.      0.      0.00001 0.      0.      0.00001 0.      0.      0.      0.      0.00001 0.      0.00001 0.00001 0.00001 0.      0.      0.      0.      0.      0.      0.      0.      0.      0.      0.00001 0.      0.00001 0.00004 0.00002 0.      0.00001 0.      0.00001 0.99985]
 [0.      0.      0.      0.00001 0.      0.      0.00001 0.00001 0.      0.      0.      0.00001 0.00001 0.00001 0.00001 0.00001 0.      0.      0.      0.      0.      0.      0.      0.      0.      0.      0.00001 0.      0.00001 0.00004 0.00003 0.      0.00001 0.      0.00001 0.99983]
 [0.      0.      0.      0.00001 0.      0.      0.      0.      0.      0.      0.      0.00001 0.      0.00001 0.      0.00001 0.      0.      0.      0.      0.      0.      0.      0.      0.      0.      0.      0.      0.00001 0.00003 0.00002 0.      0.00001 0.      0.      0.99989]
 [0.      0.      0.      0.      0.      0.      0.      0.      0.      0.      0.      0.      0.      0.      0.      0.      0.      0.      0.      0.      0.      0.      0.      0.      0.      0.      0.      0.      0.      0.      0.      0.      0.      0.      0.      0.     ]
 [0.      0.      0.      0.      0.      0.      0.      0.      0.      0.      0.      0.      0.      0.      0.      0.      0.      0.      0.      0.      0.      0.      0.      0.      0.      0.      0.      0.      0.      0.      0.      0.      0.      0.      0.      0.     ]
 [0.      0.      0.      0.00001 0.      0.      0.00001 0.00001 0.      0.      0.      0.00001 0.00001 0.00001 0.00001 0.00001 0.      0.      0.      0.      0.      0.      0.      0.      0.      0.      0.00001 0.      0.00001 0.00005 0.00003 0.      0.00002 0.      0.00001 0.9998 ]
 [0.      0.      0.      0.00001 0.      0.      0.00001 0.00001 0.      0.      0.      0.00001 0.00001 0.00001 0.00001 0.00001 0.      0.      0.      0.      0.      0.      0.      0.      0.      0.      0.00001 0.      0.00001 0.00005 0.00003 0.      0.00002 0.      0.00001 0.99981]
 [0.      0.      0.      0.00001 0.      0.      0.00001 0.00001 0.      0.      0.      0.00001 0.00001 0.00001 0.00001 0.00001 0.      0.      0.      0.      0.      0.      0.      0.      0.      0.      0.00001 0.      0.00001 0.00004 0.00003 0.      0.00001 0.      0.00001 0.99982]
 [0.      0.      0.      0.00001 0.      0.      0.00001 0.00001 0.      0.      0.      0.00001 0.00001 0.00001 0.00001 0.00001 0.      0.      0.      0.      0.      0.      0.      0.      0.      0.      0.00001 0.      0.00001 0.00004 0.00003 0.      0.00001 0.      0.00001 0.99982]
 [0.      0.      0.      0.00001 0.      0.      0.00001 0.00001 0.      0.      0.      0.00001 0.00001 0.00001 0.00001 0.00001 0.      0.      0.      0.      0.      0.      0.      0.      0.      0.      0.00001 0.      0.00001 0.00004 0.00003 0.      0.00001 0.      0.00001 0.99982]
 [0.      0.      0.      0.00001 0.      0.      0.00001 0.00001 0.      0.      0.      0.00001 0.00001 0.00001 0.00001 0.00001 0.      0.      0.      0.      0.      0.      0.      0.      0.      0.      0.00001 0.      0.00001 0.00004 0.00002 0.      0.00001 0.      0.00001 0.99984]
 [0.      0.      0.      0.      0.      0.      0.      0.      0.      0.      0.      0.      0.      0.      0.      0.      0.      0.      0.      0.      0.      0.      0.      0.      0.      0.      0.      0.      0.      0.      0.      0.      0.      0.      0.      0.     ]
 [0.      0.      0.      0.00001 0.      0.      0.      0.      0.      0.      0.      0.00001 0.      0.00001 0.00001 0.00001 0.      0.      0.      0.      0.      0.      0.      0.      0.      0.      0.      0.      0.00001 0.00003 0.00002 0.      0.00001 0.      0.00001 0.99987]
 [0.      0.      0.      0.      0.      0.      0.      0.      0.      0.      0.      0.      0.      0.      0.      0.      0.      0.      0.      0.      0.      0.      0.      0.      0.      0.      0.      0.      0.      0.      0.      0.      0.      0.      0.      0.     ]
 [0.      0.      0.      0.      0.      0.      0.      0.      0.      0.      0.      0.      0.      0.      0.      0.      0.      0.      0.      0.      0.      0.      0.      0.      0.      0.      0.      0.      0.      0.      0.      0.      0.      0.      0.      1.     ]
 [0.      0.      0.      0.      0.      0.      0.      0.      0.      0.      0.      0.      0.      0.      0.      0.      0.      0.      0.      0.      0.      0.      0.      0.      0.      0.      0.      0.      0.      0.      0.      0.      0.      0.      0.      1.     ]]
Validating
Validation:[[1. 0. 1. 1. 0. 1. 1. 1. 0. 1. 1. 1. 1. 1. 1. 1. 0. 0. 1. 0. 1. 1. 1. 0. 0. 1. 1. 1. 1. 1. 1. 0. 1. 0. 1. 1.]]
Calculando distribuicao estacionaria
[[0.      0.      0.      0.00001 0.      0.00001 0.00001 0.00001 0.      0.      0.      0.00001 0.00001 0.00001 0.00001 0.00001 0.      0.      0.      0.      0.      0.      0.      0.      0.      0.      0.00001 0.      0.00001 0.00006 0.00004 0.      0.00002 0.      0.00001 0.99975]]
---------------------------------------------------------
Spawing Pbarra
[[0.00278 0.00278 0.45278 0.00278 0.00278 0.00278 0.00278 0.00278 0.00278 0.00278 0.00278 0.00278 0.00278 0.00278 0.45278 0.00278 0.00278 0.00278 0.00278 0.00278 0.00278 0.00278 0.00278 0.00278 0.00278 0.00278 0.00278 0.00278 0.00278 0.00278 0.00278 0.00278 0.00278 0.00278 0.00278 0.00278]
 [0.00278 0.00278 0.00278 0.00278 0.00278 0.00278 0.00278 0.00278 0.00278 0.00278 0.00278 0.00278 0.00278 0.00278 0.00278 0.00278 0.00278 0.00278 0.00278 0.00278 0.00278 0.00278 0.00278 0.00278 0.00278 0.00278 0.00278 0.00278 0.00278 0.00278 0.00278 0.00278 0.00278 0.00278 0.00278 0.00278]
 [0.00278 0.00278 0.00278 0.45278 0.00278 0.00278 0.45278 0.00278 0.00278 0.00278 0.00278 0.00278 0.00278 0.00278 0.00278 0.00278 0.00278 0.00278 0.00278 0.00278 0.00278 0.00278 0.00278 0.00278 0.00278 0.00278 0.00278 0.00278 0.00278 0.00278 0.00278 0.00278 0.00278 0.00278 0.00278 0.00278]
 [0.00278 0.00278 0.00278 0.00278 0.00278 0.45278 0.45278 0.00278 0.00278 0.00278 0.00278 0.00278 0.00278 0.00278 0.00278 0.00278 0.00278 0.00278 0.00278 0.00278 0.00278 0.00278 0.00278 0.00278 0.00278 0.00278 0.00278 0.00278 0.00278 0.00278 0.00278 0.00278 0.00278 0.00278 0.00278 0.00278]
 [0.00278 0.00278 0.00278 0.00278 0.00278 0.00278 0.00278 0.00278 0.00278 0.00278 0.00278 0.00278 0.00278 0.00278 0.00278 0.00278 0.00278 0.00278 0.00278 0.00278 0.00278 0.00278 0.00278 0.00278 0.00278 0.00278 0.00278 0.00278 0.00278 0.00278 0.00278 0.00278 0.00278 0.00278 0.00278 0.00278]
 [0.00278 0.00278 0.00278 0.00278 0.00278 0.00278 0.45278 0.45278 0.00278 0.00278 0.00278 0.00278 0.00278 0.00278 0.00278 0.00278 0.00278 0.00278 0.00278 0.00278 0.00278 0.00278 0.00278 0.00278 0.00278 0.00278 0.00278 0.00278 0.00278 0.00278 0.00278 0.00278 0.00278 0.00278 0.00278 0.00278]
 [0.00278 0.00278 0.00278 0.00278 0.00278 0.00278 0.00278 0.45278 0.00278 0.00278 0.00278 0.00278 0.00278 0.00278 0.00278 0.00278 0.00278 0.00278 0.00278 0.00278 0.00278 0.00278 0.00278 0.00278 0.00278 0.00278 0.45278 0.00278 0.00278 0.00278 0.00278 0.00278 0.00278 0.00278 0.00278 0.00278]
 [0.00278 0.00278 0.00278 0.00278 0.00278 0.00278 0.00278 0.00278 0.00278 0.45278 0.00278 0.00278 0.00278 0.00278 0.00278 0.00278 0.00278 0.00278 0.00278 0.00278 0.00278 0.00278 0.00278 0.00278 0.00278 0.00278 0.45278 0.00278 0.00278 0.00278 0.00278 0.00278 0.00278 0.00278 0.00278 0.00278]
 [0.00278 0.00278 0.00278 0.00278 0.00278 0.00278 0.00278 0.00278 0.00278 0.00278 0.00278 0.00278 0.00278 0.00278 0.00278 0.00278 0.00278 0.00278 0.00278 0.00278 0.00278 0.00278 0.00278 0.00278 0.00278 0.00278 0.00278 0.00278 0.00278 0.00278 0.00278 0.00278 0.00278 0.00278 0.00278 0.00278]
 [0.00278 0.00278 0.00278 0.00278 0.00278 0.00278 0.00278 0.00278 0.00278 0.00278 0.45278 0.45278 0.00278 0.00278 0.00278 0.00278 0.00278 0.00278 0.00278 0.00278 0.00278 0.00278 0.00278 0.00278 0.00278 0.00278 0.00278 0.00278 0.00278 0.00278 0.00278 0.00278 0.00278 0.00278 0.00278 0.00278]
 [0.00278 0.00278 0.00278 0.00278 0.00278 0.00278 0.00278 0.00278 0.00278 0.00278 0.00278 0.45278 0.45278 0.00278 0.00278 0.00278 0.00278 0.00278 0.00278 0.00278 0.00278 0.00278 0.00278 0.00278 0.00278 0.00278 0.00278 0.00278 0.00278 0.00278 0.00278 0.00278 0.00278 0.00278 0.00278 0.00278]
 [0.00278 0.00278 0.00278 0.00278 0.00278 0.00278 0.00278 0.00278 0.00278 0.00278 0.00278 0.00278 0.45278 0.45278 0.00278 0.00278 0.00278 0.00278 0.00278 0.00278 0.00278 0.00278 0.00278 0.00278 0.00278 0.00278 0.00278 0.00278 0.00278 0.00278 0.00278 0.00278 0.00278 0.00278 0.00278 0.00278]
 [0.00278 0.00278 0.00278 0.00278 0.00278 0.00278 0.00278 0.00278 0.00278 0.00278 0.00278 0.00278 0.00278 0.45278 0.45278 0.00278 0.00278 0.00278 0.00278 0.00278 0.00278 0.00278 0.00278 0.00278 0.00278 0.00278 0.00278 0.00278 0.00278 0.00278 0.00278 0.00278 0.00278 0.00278 0.00278 0.00278]
 [0.00278 0.00278 0.00278 0.00278 0.00278 0.00278 0.00278 0.00278 0.00278 0.00278 0.00278 0.00278 0.00278 0.00278 0.45278 0.45278 0.00278 0.00278 0.00278 0.00278 0.00278 0.00278 0.00278 0.00278 0.00278 0.00278 0.00278 0.00278 0.00278 0.00278 0.00278 0.00278 0.00278 0.00278 0.00278 0.00278]
 [0.00278 0.00278 0.00278 0.45278 0.00278 0.00278 0.00278 0.00278 0.00278 0.00278 0.00278 0.00278 0.00278 0.00278 0.00278 0.45278 0.00278 0.00278 0.00278 0.00278 0.00278 0.00278 0.00278 0.00278 0.00278 0.00278 0.00278 0.00278 0.00278 0.00278 0.00278 0.00278 0.00278 0.00278 0.00278 0.00278]
 [0.00278 0.00278 0.00278 0.45278 0.00278 0.00278 0.00278 0.00278 0.00278 0.00278 0.00278 0.00278 0.00278 0.00278 0.00278 0.00278 0.00278 0.00278 0.00278 0.00278 0.00278 0.00278 0.00278 0.00278 0.00278 0.00278 0.00278 0.00278 0.45278 0.00278 0.00278 0.00278 0.00278 0.00278 0.00278 0.00278]
 [0.00278 0.00278 0.00278 0.00278 0.00278 0.00278 0.00278 0.00278 0.00278 0.00278 0.00278 0.00278 0.00278 0.00278 0.00278 0.00278 0.00278 0.00278 0.00278 0.00278 0.00278 0.00278 0.00278 0.00278 0.00278 0.00278 0.00278 0.00278 0.00278 0.00278 0.00278 0.00278 0.00278 0.00278 0.00278 0.00278]
 [0.00278 0.00278 0.00278 0.00278 0.00278 0.00278 0.00278 0.00278 0.00278 0.00278 0.00278 0.00278 0.00278 0.00278 0.00278 0.00278 0.00278 0.00278 0.00278 0.00278 0.00278 0.00278 0.00278 0.00278 0.00278 0.00278 0.00278 0.00278 0.00278 0.00278 0.00278 0.00278 0.00278 0.00278 0.00278 0.00278]
 [0.00278 0.00278 0.00278 0.00278 0.00278 0.45278 0.00278 0.00278 0.00278 0.00278 0.00278 0.00278 0.00278 0.00278 0.00278 0.00278 0.00278 0.00278 0.00278 0.00278 0.45278 0.00278 0.00278 0.00278 0.00278 0.00278 0.00278 0.00278 0.00278 0.00278 0.00278 0.00278 0.00278 0.00278 0.00278 0.00278]
 [0.00278 0.00278 0.00278 0.00278 0.00278 0.00278 0.00278 0.00278 0.00278 0.00278 0.00278 0.00278 0.00278 0.00278 0.00278 0.00278 0.00278 0.00278 0.00278 0.00278 0.00278 0.00278 0.00278 0.00278 0.00278 0.00278 0.00278 0.00278 0.00278 0.00278 0.00278 0.00278 0.00278 0.00278 0.00278 0.00278]
 [0.00278 0.00278 0.00278 0.00278 0.00278 0.00278 0.00278 0.00278 0.00278 0.00278 0.00278 0.00278 0.00278 0.00278 0.00278 0.00278 0.00278 0.00278 0.00278 0.00278 0.00278 0.45278 0.45278 0.00278 0.00278 0.00278 0.00278 0.00278 0.00278 0.00278 0.00278 0.00278 0.00278 0.00278 0.00278 0.00278]
 [0.00278 0.00278 0.00278 0.00278 0.00278 0.00278 0.00278 0.00278 0.00278 0.00278 0.00278 0.00278 0.00278 0.00278 0.00278 0.45278 0.00278 0.00278 0.00278 0.00278 0.00278 0.00278 0.45278 0.00278 0.00278 0.00278 0.00278 0.00278 0.00278 0.00278 0.00278 0.00278 0.00278 0.00278 0.00278 0.00278]
 [0.00278 0.00278 0.00278 0.00278 0.00278 0.00278 0.00278 0.00278 0.00278 0.00278 0.00278 0.00278 0.00278 0.00278 0.00278 0.45278 0.00278 0.00278 0.00278 0.00278 0.00278 0.00278 0.00278 0.00278 0.00278 0.00278 0.00278 0.00278 0.00278 0.00278 0.00278 0.00278 0.00278 0.00278 0.45278 0.00278]
 [0.00278 0.00278 0.00278 0.00278 0.00278 0.00278 0.00278 0.00278 0.00278 0.00278 0.00278 0.00278 0.00278 0.00278 0.00278 0.00278 0.00278 0.00278 0.00278 0.00278 0.00278 0.00278 0.00278 0.00278 0.00278 0.00278 0.00278 0.00278 0.00278 0.00278 0.00278 0.00278 0.00278 0.00278 0.00278 0.00278]
 [0.00278 0.00278 0.00278 0.00278 0.00278 0.00278 0.00278 0.00278 0.00278 0.00278 0.00278 0.00278 0.00278 0.00278 0.00278 0.00278 0.00278 0.00278 0.00278 0.00278 0.00278 0.00278 0.00278 0.00278 0.00278 0.00278 0.00278 0.00278 0.00278 0.00278 0.00278 0.00278 0.00278 0.00278 0.00278 0.00278]
 [0.00278 0.00278 0.00278 0.00278 0.00278 0.00278 0.00278 0.00278 0.00278 0.00278 0.00278 0.00278 0.00278 0.00278 0.00278 0.00278 0.00278 0.00278 0.00278 0.00278 0.00278 0.00278 0.00278 0.00278 0.00278 0.00278 0.45278 0.45278 0.00278 0.00278 0.00278 0.00278 0.00278 0.00278 0.00278 0.00278]
 [0.00278 0.00278 0.00278 0.00278 0.00278 0.00278 0.00278 0.00278 0.00278 0.00278 0.00278 0.00278 0.00278 0.00278 0.00278 0.00278 0.00278 0.00278 0.00278 0.00278 0.00278 0.00278 0.00278 0.00278 0.00278 0.00278 0.00278 0.45278 0.45278 0.00278 0.00278 0.00278 0.00278 0.00278 0.00278 0.00278]
 [0.00278 0.00278 0.00278 0.00278 0.00278 0.00278 0.00278 0.00278 0.00278 0.00278 0.00278 0.00278 0.00278 0.00278 0.00278 0.00278 0.00278 0.00278 0.00278 0.00278 0.00278 0.00278 0.00278 0.00278 0.00278 0.00278 0.00278 0.00278 0.45278 0.45278 0.00278 0.00278 0.00278 0.00278 0.00278 0.00278]
 [0.00278 0.00278 0.00278 0.00278 0.00278 0.00278 0.00278 0.00278 0.00278 0.00278 0.00278 0.00278 0.00278 0.00278 0.00278 0.00278 0.00278 0.00278 0.00278 0.00278 0.00278 0.00278 0.00278 0.00278 0.00278 0.00278 0.00278 0.00278 0.00278 0.45278 0.45278 0.00278 0.00278 0.00278 0.00278 0.00278]
 [0.00278 0.00278 0.00278 0.00278 0.00278 0.00278 0.00278 0.00278 0.00278 0.00278 0.00278 0.00278 0.00278 0.00278 0.00278 0.00278 0.00278 0.00278 0.00278 0.00278 0.00278 0.00278 0.00278 0.00278 0.00278 0.00278 0.00278 0.00278 0.00278 0.45278 0.45278 0.00278 0.00278 0.00278 0.00278 0.00278]
 [0.00278 0.00278 0.00278 0.00278 0.00278 0.00278 0.00278 0.00278 0.00278 0.00278 0.00278 0.00278 0.00278 0.00278 0.00278 0.00278 0.00278 0.00278 0.00278 0.00278 0.00278 0.00278 0.00278 0.00278 0.00278 0.00278 0.00278 0.00278 0.00278 0.45278 0.00278 0.00278 0.45278 0.00278 0.00278 0.00278]
 [0.00278 0.00278 0.00278 0.00278 0.00278 0.00278 0.00278 0.00278 0.00278 0.00278 0.00278 0.00278 0.00278 0.00278 0.00278 0.00278 0.00278 0.00278 0.00278 0.00278 0.00278 0.00278 0.00278 0.00278 0.00278 0.00278 0.00278 0.00278 0.00278 0.00278 0.00278 0.00278 0.00278 0.00278 0.00278 0.00278]
 [0.00278 0.00278 0.00278 0.00278 0.00278 0.00278 0.00278 0.00278 0.00278 0.00278 0.00278 0.45278 0.00278 0.00278 0.00278 0.00278 0.00278 0.00278 0.00278 0.00278 0.00278 0.00278 0.00278 0.00278 0.00278 0.00278 0.00278 0.00278 0.00278 0.00278 0.00278 0.00278 0.00278 0.00278 0.45278 0.00278]
 [0.00278 0.00278 0.00278 0.00278 0.00278 0.00278 0.00278 0.00278 0.00278 0.00278 0.00278 0.00278 0.00278 0.00278 0.00278 0.00278 0.00278 0.00278 0.00278 0.00278 0.00278 0.00278 0.00278 0.00278 0.00278 0.00278 0.00278 0.00278 0.00278 0.00278 0.00278 0.00278 0.00278 0.00278 0.00278 0.00278]
 [0.00278 0.00278 0.00278 0.00278 0.00278 0.00278 0.00278 0.00278 0.00278 0.00278 0.00278 0.00278 0.00278 0.00278 0.00278 0.00278 0.00278 0.00278 0.00278 0.00278 0.00278 0.00278 0.00278 0.00278 0.00278 0.00278 0.00278 0.00278 0.00278 0.00278 0.00278 0.00278 0.00278 0.00278 0.00278 0.90278]
 [0.00278 0.00278 0.00278 0.00278 0.00278 0.00278 0.00278 0.00278 0.00278 0.00278 0.00278 0.00278 0.00278 0.00278 0.00278 0.00278 0.00278 0.00278 0.00278 0.00278 0.00278 0.00278 0.00278 0.00278 0.00278 0.00278 0.00278 0.00278 0.00278 0.00278 0.00278 0.00278 0.00278 0.00278 0.00278 0.90278]]
Validation:[[1.  0.1 1.  1.  0.1 1.  1.  1.  0.1 1.  1.  1.  1.  1.  1.  1.  0.1 0.1 1.  0.1 1.  1.  1.  0.1 0.1 1.  1.  1.  1.  1.  1.  0.1 1.  0.1 1.  1. ]]
spawing P^k
[[0.00002 0.00002 0.00002 0.00018 0.00002 0.00011 0.00016 0.00014 0.00002 0.00008 0.00005 0.00017 0.00012 0.00015 0.00015 0.00018 0.00002 0.00002 0.00002 0.00002 0.00002 0.00003 0.00004 0.00002 0.00002 0.00002 0.00016 0.0001  0.00022 0.00067 0.00043 0.00002 0.00021 0.00002 0.00013 0.0018 ]
 [0.      0.      0.      0.00001 0.      0.00001 0.00001 0.00001 0.      0.00001 0.      0.00001 0.00001 0.00001 0.00001 0.00001 0.      0.      0.      0.      0.      0.      0.      0.      0.      0.      0.00001 0.00001 0.00002 0.00005 0.00003 0.      0.00002 0.      0.00001 0.00014]
 [0.00002 0.00002 0.00002 0.00018 0.00002 0.00011 0.00016 0.00014 0.00002 0.00008 0.00005 0.00017 0.00012 0.00015 0.00015 0.00018 0.00002 0.00002 0.00002 0.00002 0.00002 0.00003 0.00004 0.00002 0.00002 0.00002 0.00016 0.0001  0.00022 0.00067 0.00043 0.00002 0.00021 0.00002 0.00013 0.0018 ]
 [0.00002 0.00002 0.00002 0.00018 0.00002 0.00011 0.00016 0.00014 0.00002 0.00008 0.00005 0.00017 0.00012 0.00015 0.00015 0.00018 0.00002 0.00002 0.00002 0.00002 0.00002 0.00003 0.00004 0.00002 0.00002 0.00002 0.00016 0.0001  0.00022 0.00067 0.00043 0.00002 0.00021 0.00002 0.00013 0.0018 ]
 [0.      0.      0.      0.00001 0.      0.00001 0.00001 0.00001 0.      0.00001 0.      0.00001 0.00001 0.00001 0.00001 0.00001 0.      0.      0.      0.      0.      0.      0.      0.      0.      0.      0.00001 0.00001 0.00002 0.00005 0.00003 0.      0.00002 0.      0.00001 0.00014]
 [0.00002 0.00002 0.00002 0.00018 0.00002 0.00011 0.00016 0.00014 0.00002 0.00008 0.00005 0.00017 0.00012 0.00015 0.00015 0.00018 0.00002 0.00002 0.00002 0.00002 0.00002 0.00003 0.00004 0.00002 0.00002 0.00002 0.00016 0.0001  0.00022 0.00067 0.00043 0.00002 0.00021 0.00002 0.00013 0.0018 ]
 [0.00002 0.00002 0.00002 0.00018 0.00002 0.00011 0.00016 0.00014 0.00002 0.00008 0.00005 0.00017 0.00012 0.00015 0.00015 0.00018 0.00002 0.00002 0.00002 0.00002 0.00002 0.00003 0.00004 0.00002 0.00002 0.00002 0.00016 0.0001  0.00022 0.00067 0.00043 0.00002 0.00021 0.00002 0.00013 0.0018 ]
 [0.00002 0.00002 0.00002 0.00018 0.00002 0.00011 0.00016 0.00014 0.00002 0.00008 0.00005 0.00017 0.00012 0.00015 0.00015 0.00018 0.00002 0.00002 0.00002 0.00002 0.00002 0.00003 0.00004 0.00002 0.00002 0.00002 0.00016 0.0001  0.00022 0.00067 0.00043 0.00002 0.00021 0.00002 0.00013 0.0018 ]
 [0.      0.      0.      0.00001 0.      0.00001 0.00001 0.00001 0.      0.00001 0.      0.00001 0.00001 0.00001 0.00001 0.00001 0.      0.      0.      0.      0.      0.      0.      0.      0.      0.      0.00001 0.00001 0.00002 0.00005 0.00003 0.      0.00002 0.      0.00001 0.00014]
 [0.00002 0.00002 0.00002 0.00018 0.00002 0.00011 0.00016 0.00014 0.00002 0.00008 0.00005 0.00017 0.00012 0.00015 0.00015 0.00018 0.00002 0.00002 0.00002 0.00002 0.00002 0.00003 0.00004 0.00002 0.00002 0.00002 0.00016 0.0001  0.00022 0.00067 0.00043 0.00002 0.00021 0.00002 0.00013 0.0018 ]
 [0.00002 0.00002 0.00002 0.00018 0.00002 0.00011 0.00016 0.00014 0.00002 0.00008 0.00005 0.00017 0.00012 0.00015 0.00015 0.00018 0.00002 0.00002 0.00002 0.00002 0.00002 0.00003 0.00004 0.00002 0.00002 0.00002 0.00016 0.0001  0.00022 0.00067 0.00043 0.00002 0.00021 0.00002 0.00013 0.0018 ]
 [0.00002 0.00002 0.00002 0.00018 0.00002 0.00011 0.00016 0.00014 0.00002 0.00008 0.00005 0.00017 0.00012 0.00015 0.00015 0.00018 0.00002 0.00002 0.00002 0.00002 0.00002 0.00003 0.00004 0.00002 0.00002 0.00002 0.00016 0.0001  0.00022 0.00067 0.00043 0.00002 0.00021 0.00002 0.00013 0.0018 ]
 [0.00002 0.00002 0.00002 0.00018 0.00002 0.00011 0.00016 0.00014 0.00002 0.00008 0.00005 0.00017 0.00012 0.00015 0.00015 0.00018 0.00002 0.00002 0.00002 0.00002 0.00002 0.00003 0.00004 0.00002 0.00002 0.00002 0.00016 0.0001  0.00022 0.00067 0.00043 0.00002 0.00021 0.00002 0.00013 0.0018 ]
 [0.00002 0.00002 0.00002 0.00018 0.00002 0.00011 0.00016 0.00014 0.00002 0.00008 0.00005 0.00017 0.00012 0.00015 0.00015 0.00018 0.00002 0.00002 0.00002 0.00002 0.00002 0.00003 0.00004 0.00002 0.00002 0.00002 0.00016 0.0001  0.00022 0.00067 0.00043 0.00002 0.00021 0.00002 0.00013 0.0018 ]
 [0.00002 0.00002 0.00002 0.00018 0.00002 0.00011 0.00016 0.00014 0.00002 0.00008 0.00005 0.00017 0.00012 0.00015 0.00015 0.00018 0.00002 0.00002 0.00002 0.00002 0.00002 0.00003 0.00004 0.00002 0.00002 0.00002 0.00016 0.0001  0.00022 0.00067 0.00043 0.00002 0.00021 0.00002 0.00013 0.0018 ]
 [0.00002 0.00002 0.00002 0.00018 0.00002 0.00011 0.00016 0.00014 0.00002 0.00008 0.00005 0.00017 0.00012 0.00015 0.00015 0.00018 0.00002 0.00002 0.00002 0.00002 0.00002 0.00003 0.00004 0.00002 0.00002 0.00002 0.00016 0.0001  0.00022 0.00067 0.00043 0.00002 0.00021 0.00002 0.00013 0.0018 ]
 [0.      0.      0.      0.00001 0.      0.00001 0.00001 0.00001 0.      0.00001 0.      0.00001 0.00001 0.00001 0.00001 0.00001 0.      0.      0.      0.      0.      0.      0.      0.      0.      0.      0.00001 0.00001 0.00002 0.00005 0.00003 0.      0.00002 0.      0.00001 0.00014]
 [0.      0.      0.      0.00001 0.      0.00001 0.00001 0.00001 0.      0.00001 0.      0.00001 0.00001 0.00001 0.00001 0.00001 0.      0.      0.      0.      0.      0.      0.      0.      0.      0.      0.00001 0.00001 0.00002 0.00005 0.00003 0.      0.00002 0.      0.00001 0.00014]
 [0.00002 0.00002 0.00002 0.00018 0.00002 0.00011 0.00016 0.00014 0.00002 0.00008 0.00005 0.00017 0.00012 0.00015 0.00015 0.00018 0.00002 0.00002 0.00002 0.00002 0.00002 0.00003 0.00004 0.00002 0.00002 0.00002 0.00016 0.0001  0.00022 0.00067 0.00043 0.00002 0.00021 0.00002 0.00013 0.0018 ]
 [0.      0.      0.      0.00001 0.      0.00001 0.00001 0.00001 0.      0.00001 0.      0.00001 0.00001 0.00001 0.00001 0.00001 0.      0.      0.      0.      0.      0.      0.      0.      0.      0.      0.00001 0.00001 0.00002 0.00005 0.00003 0.      0.00002 0.      0.00001 0.00014]
 [0.00002 0.00002 0.00002 0.00018 0.00002 0.00011 0.00016 0.00014 0.00002 0.00008 0.00005 0.00017 0.00012 0.00015 0.00015 0.00018 0.00002 0.00002 0.00002 0.00002 0.00002 0.00003 0.00004 0.00002 0.00002 0.00002 0.00016 0.0001  0.00022 0.00067 0.00043 0.00002 0.00021 0.00002 0.00013 0.0018 ]
 [0.00002 0.00002 0.00002 0.00018 0.00002 0.00011 0.00016 0.00014 0.00002 0.00008 0.00005 0.00017 0.00012 0.00015 0.00015 0.00018 0.00002 0.00002 0.00002 0.00002 0.00002 0.00003 0.00004 0.00002 0.00002 0.00002 0.00016 0.0001  0.00022 0.00067 0.00043 0.00002 0.00021 0.00002 0.00013 0.0018 ]
 [0.00002 0.00002 0.00002 0.00018 0.00002 0.00011 0.00016 0.00014 0.00002 0.00008 0.00005 0.00017 0.00012 0.00015 0.00015 0.00018 0.00002 0.00002 0.00002 0.00002 0.00002 0.00003 0.00004 0.00002 0.00002 0.00002 0.00016 0.0001  0.00022 0.00067 0.00043 0.00002 0.00021 0.00002 0.00013 0.0018 ]
 [0.      0.      0.      0.00001 0.      0.00001 0.00001 0.00001 0.      0.00001 0.      0.00001 0.00001 0.00001 0.00001 0.00001 0.      0.      0.      0.      0.      0.      0.      0.      0.      0.      0.00001 0.00001 0.00002 0.00005 0.00003 0.      0.00002 0.      0.00001 0.00014]
 [0.      0.      0.      0.00001 0.      0.00001 0.00001 0.00001 0.      0.00001 0.      0.00001 0.00001 0.00001 0.00001 0.00001 0.      0.      0.      0.      0.      0.      0.      0.      0.      0.      0.00001 0.00001 0.00002 0.00005 0.00003 0.      0.00002 0.      0.00001 0.00014]
 [0.00002 0.00002 0.00002 0.00018 0.00002 0.00011 0.00016 0.00014 0.00002 0.00008 0.00005 0.00017 0.00012 0.00015 0.00015 0.00018 0.00002 0.00002 0.00002 0.00002 0.00002 0.00003 0.00004 0.00002 0.00002 0.00002 0.00016 0.0001  0.00022 0.00067 0.00043 0.00002 0.00021 0.00002 0.00013 0.0018 ]
 [0.00002 0.00002 0.00002 0.00018 0.00002 0.00011 0.00016 0.00014 0.00002 0.00008 0.00005 0.00017 0.00012 0.00015 0.00015 0.00018 0.00002 0.00002 0.00002 0.00002 0.00002 0.00003 0.00004 0.00002 0.00002 0.00002 0.00016 0.0001  0.00022 0.00067 0.00043 0.00002 0.00021 0.00002 0.00013 0.0018 ]
 [0.00002 0.00002 0.00002 0.00018 0.00002 0.00011 0.00016 0.00014 0.00002 0.00008 0.00005 0.00017 0.00012 0.00015 0.00015 0.00018 0.00002 0.00002 0.00002 0.00002 0.00002 0.00003 0.00004 0.00002 0.00002 0.00002 0.00016 0.0001  0.00022 0.00067 0.00043 0.00002 0.00021 0.00002 0.00013 0.0018 ]
 [0.00002 0.00002 0.00002 0.00018 0.00002 0.00011 0.00016 0.00014 0.00002 0.00008 0.00005 0.00017 0.00012 0.00015 0.00015 0.00018 0.00002 0.00002 0.00002 0.00002 0.00002 0.00003 0.00004 0.00002 0.00002 0.00002 0.00016 0.0001  0.00022 0.00067 0.00043 0.00002 0.00021 0.00002 0.00013 0.0018 ]
 [0.00002 0.00002 0.00002 0.00018 0.00002 0.00011 0.00016 0.00014 0.00002 0.00008 0.00005 0.00017 0.00012 0.00015 0.00015 0.00018 0.00002 0.00002 0.00002 0.00002 0.00002 0.00003 0.00004 0.00002 0.00002 0.00002 0.00016 0.0001  0.00022 0.00067 0.00043 0.00002 0.00021 0.00002 0.00013 0.0018 ]
 [0.00002 0.00002 0.00002 0.00018 0.00002 0.00011 0.00016 0.00014 0.00002 0.00008 0.00005 0.00017 0.00012 0.00015 0.00015 0.00018 0.00002 0.00002 0.00002 0.00002 0.00002 0.00003 0.00004 0.00002 0.00002 0.00002 0.00016 0.0001  0.00022 0.00067 0.00043 0.00002 0.00021 0.00002 0.00013 0.0018 ]
 [0.      0.      0.      0.00001 0.      0.00001 0.00001 0.00001 0.      0.00001 0.      0.00001 0.00001 0.00001 0.00001 0.00001 0.      0.      0.      0.      0.      0.      0.      0.      0.      0.      0.00001 0.00001 0.00002 0.00005 0.00003 0.      0.00002 0.      0.00001 0.00014]
 [0.00002 0.00002 0.00002 0.00018 0.00002 0.00011 0.00016 0.00014 0.00002 0.00008 0.00005 0.00017 0.00012 0.00015 0.00015 0.00018 0.00002 0.00002 0.00002 0.00002 0.00002 0.00003 0.00004 0.00002 0.00002 0.00002 0.00016 0.0001  0.00022 0.00067 0.00043 0.00002 0.00021 0.00002 0.00013 0.0018 ]
 [0.      0.      0.      0.00001 0.      0.00001 0.00001 0.00001 0.      0.00001 0.      0.00001 0.00001 0.00001 0.00001 0.00001 0.      0.      0.      0.      0.      0.      0.      0.      0.      0.      0.00001 0.00001 0.00002 0.00005 0.00003 0.      0.00002 0.      0.00001 0.00014]
 [0.00002 0.00002 0.00002 0.00018 0.00002 0.00011 0.00016 0.00014 0.00002 0.00008 0.00005 0.00017 0.00012 0.00015 0.00015 0.00018 0.00002 0.00002 0.00002 0.00002 0.00002 0.00003 0.00004 0.00002 0.00002 0.00002 0.00016 0.0001  0.00022 0.00067 0.00043 0.00002 0.00021 0.00002 0.00013 0.0018 ]
 [0.00002 0.00002 0.00002 0.00018 0.00002 0.00011 0.00016 0.00014 0.00002 0.00008 0.00005 0.00017 0.00012 0.00015 0.00015 0.00018 0.00002 0.00002 0.00002 0.00002 0.00002 0.00003 0.00004 0.00002 0.00002 0.00002 0.00016 0.0001  0.00022 0.00067 0.00043 0.00002 0.00021 0.00002 0.00013 0.0018 ]]
Validating
Validation:[[0.00553 0.00042 0.00553 0.00553 0.00042 0.00553 0.00553 0.00553 0.00042 0.00553 0.00553 0.00553 0.00553 0.00553 0.00553 0.00553 0.00042 0.00042 0.00553 0.00042 0.00553 0.00553 0.00553 0.00042 0.00042 0.00553 0.00553 0.00553 0.00553 0.00553 0.00553 0.00042 0.00553 0.00042 0.00553 0.00553]]
Calculando distribuicao estacionaria
[[0.00002 0.00002 0.00002 0.00018 0.00002 0.00011 0.00016 0.00014 0.00002 0.00008 0.00005 0.00017 0.00012 0.00015 0.00015 0.00018 0.00002 0.00002 0.00002 0.00002 0.00002 0.00003 0.00004 0.00002 0.00002 0.00002 0.00016 0.0001  0.00022 0.00067 0.00043 0.00002 0.00021 0.00002 0.00013 0.0018 ]]
